controllability =

     4


K =

   -2.2361   -2.1140   35.0671    4.8486


S =

    8.5901    6.1055  -10.8418   -2.8674
    6.1055    6.1850  -10.2623   -2.8713
  -10.8418  -10.2623  110.9505   11.7544
   -2.8674   -2.8713   11.7544    2.1895


e =

  -0.7464 + 0.6270i
  -0.7464 - 0.6270i
  -8.3641 + 6.6125i
  -8.3641 - 6.6125i


T =

    5.4410


K_stab =

    2.2361    2.1140   11.6890    1.6162


K =

   -1.2294   -0.9614   19.0626    3.3689


S =

   23.1350   15.0678  -41.1050   -8.5567
   15.0678   14.7303  -37.1043   -7.8365
  -41.1050  -37.1043  358.0130   56.3207
   -8.5567   -7.8365   56.3207   10.4505


e =

  -0.8626 + 0.7824i
  -0.8626 - 0.7824i
  -5.9186 + 2.9606i
  -5.9186 - 2.9606i


K_later =

    1.2294    0.9614    6.3542    1.1230
